%YAML:1.0
camera_pose_wrt_droneGMR: !!opencv-matrix
   rows: 4
   cols: 4
   dt: d
   data: [0.0000,0.6820,-0.7314,-0.1510,1.0000,-0.0000,0.0000,0,0,-0.7314,-0.6820,-0.0200,0,0,0,1.0000]