%YAML:1.0
camera_pose_wrt_droneGMR: !!opencv-matrix
   rows: 4
   cols: 4
   dt: d
   data: [-0.0000,-0.5592,0.8290,0.1500,-1.0000,0.0000,0.0000,0,-0.0000,-0.8290,-0.5592,-0.0200,0,0,0,1.0000]
