%YAML:1.0
T_control_horizon: 60
N: 365
su: !!opencv-matrix
   rows: 365
   cols: 1
   dt: d
   data: [ 2.2613780919986701e-01, 8.1391334897169698e-01,
       1.6567972538353100e+00, 2.6784957881363298e+00,
       3.8243796342333400e+00, 5.0553423542366396e+00,
       6.3433997888892604e+00, 7.6685368923887696e+00,
       9.0164483940872699e+00, 1.0376919915105001e+01,
       1.1742667990911800e+01, 1.3108508914372999e+01,
       1.4470763188923600e+01, 1.5826828803746301e+01,
       1.7174875475172001e+01, 1.8513625564137200e+01,
       1.9842197099720899e+01, 2.1159991303603100e+01,
       2.2466612000799199e+01, 2.3761807877880500e+01,
       2.5045431112107199e+01, 2.6317407730804000e+01,
       2.7577716375794800e+01, 2.8826373090299299e+01,
       3.0063420421083300e+01, 3.1288919612599098e+01,
       3.2502945016605501e+01, 3.3705580089223403e+01,
       3.4896914525412100e+01, 3.6077042208417701e+01,
       3.7246059743150198e+01, 3.8404065407936898e+01,
       3.9551158406032201e+01, 4.0687438331886902e+01,
       4.1813004791275098e+01, 4.2927957131640802e+01,
       4.4032394251396497e+01, 4.5126414465769102e+01,
       4.6210115413141700e+01, 4.7283593990386301e+01,
       4.8346946308949100e+01, 4.9400267665780397e+01,
       5.0443652524880399e+01, 5.1477194506427900e+01,
       5.2500986381321098e+01, 5.3515120069573598e+01,
       5.4519686641451500e+01, 5.5514776320553302e+01,
       5.6500478488259198e+01, 5.7476881689142601e+01,
       5.8444073637047197e+01, 5.9402141221623801e+01,
       6.0351170515172299e+01, 6.1291246779684897e+01,
       6.2222454474011201e+01, 6.3144877261092702e+01,
       6.4058598015224504e+01, 6.4963698829320293e+01,
       6.5860261022156706e+01, 6.6748365145586405e+01,
       6.7628090991708504e+01, 6.8499517599989304e+01,
       6.9362723264329603e+01, 7.0217785540073905e+01,
       7.1064781250961403e+01, 7.1903786496015300e+01,
       7.2734876656371000e+01, 7.3558126402042205e+01,
       7.4373609698625401e+01, 7.5181399813941596e+01,
       7.5981569324616800e+01, 7.6774190122601496e+01,
       7.7559333421628097e+01, 7.8337069763608298e+01,
       7.9107469024970996e+01, 7.9870600422939205e+01,
       8.0626532521748999e+01, 8.1375333238809503e+01,
       8.2117069850804498e+01, 8.2851808999737500e+01,
       8.3579616698918400e+01, 8.4300558338894902e+01,
       8.5014698693327503e+01, 8.5722101924809095e+01,
       8.6422831590629698e+01, 8.7116950648486494e+01,
       8.7804521462140997e+01, 8.8485605807021301e+01,
       8.9160264875773194e+01, 8.9828559283757301e+01,
       9.0490549074495902e+01, 9.1146293725066798e+01,
       9.1795852151447704e+01, 9.2439282713809106e+01,
       9.3076643221758403e+01, 9.3707990939533005e+01,
       9.4333382591145806e+01, 9.4952874365481605e+01,
       9.5566521921345100e+01, 9.6174380392462098e+01,
       9.6776504392432599e+01, 9.7372948019637903e+01,
       9.7963764862101002e+01, 9.8549008002301207e+01,
       9.9128730021943596e+01, 9.9702983006682999e+01,
       1.0027181855080400e+02, 1.0083528776185599e+02,
       1.0139344126524500e+02, 1.0194632920878300e+02,
       1.0249400126719399e+02, 1.0303650664657300e+02,
       1.0357389408881301e+02, 1.0410621187597900e+02,
       1.0463350783465000e+02, 1.0515582934021400e+02,
       1.0567322332112300e+02, 1.0618573626311300e+02,
       1.0669341421337700e+02, 1.0719630278470601e+02,
       1.0769444715958301e+02, 1.0818789209424401e+02,
       1.0867668192270099e+02, 1.0916086056072200e+02,
       1.0964047150978099e+02, 1.1011555786096100e+02,
       1.1058616229883000e+02, 1.1105232710527400e+02,
       1.1151409416329700e+02, 1.1197150496078000e+02,
       1.1242460059421700e+02, 1.1287342177239900e+02,
       1.1331800882007300e+02, 1.1375840168157100e+02,
       1.1419463992439201e+02, 1.1462676274275900e+02,
       1.1505480896114101e+02, 1.1547881703774399e+02,
       1.1589882506795900e+02, 1.1631487078779401e+02,
       1.1672699157725400e+02, 1.1713522446371100e+02,
       1.1753960612522000e+02, 1.1794017289382199e+02,
       1.1833696075880400e+02, 1.1873000536993500e+02,
       1.1911934204066699e+02, 1.1950500575130999e+02,
       1.1988703115217101e+02, 1.2026545256667301e+02,
       1.2064030399443300e+02, 1.2101161911432099e+02,
       1.2137943128748300e+02, 1.2174377356034000e+02,
       1.2210467866755700e+02, 1.2246217903498200e+02,
       1.2281630678256400e+02, 1.2316709372723400e+02,
       1.2351457138576400e+02, 1.2385877097760400e+02,
       1.2419972342768000e+02, 1.2453745936917700e+02,
       1.2487200914628900e+02, 1.2520340281694700e+02,
       1.2553167015551800e+02, 1.2585684065548200e+02,
       1.2617894353207900e+02, 1.2649800772493600e+02,
       1.2681406190066799e+02, 1.2712713445545100e+02,
       1.2743725351757500e+02, 1.2774444694997101e+02,
       1.2804874235271299e+02, 1.2835016706549999e+02,
       1.2864874817011099e+02, 1.2894451249283901e+02,
       1.2923748660689901e+02, 1.2952769683481799e+02,
       1.2981516925080001e+02, 1.3009992968306699e+02,
       1.3038200371618001e+02, 1.3066141669333800e+02,
       1.3093819371865700e+02, 1.3121235965942000e+02,
       1.3148393914831701e+02, 1.3175295658565699e+02,
       1.3201943614155499e+02, 1.3228340175811300e+02,
       1.3254487715156199e+02, 1.3280388581439701e+02,
       1.3306045101748899e+02, 1.3331459581217300e+02,
       1.3356634303232099e+02, 1.3381571529639101e+02,
       1.3406273500946301e+02, 1.3430742436524901e+02,
       1.3454980534808800e+02, 1.3478989973491900e+02,
       1.3502772909724399e+02, 1.3526331480305899e+02,
       1.3549667801877700e+02, 1.3572783971112901e+02,
       1.3595682064904901e+02, 1.3618364140553899e+02,
       1.3640832235951601e+02, 1.3663088369764699e+02,
       1.3685134541615901e+02, 1.3706972732263600e+02,
       1.3728604903780001e+02, 1.3750032999727301e+02,
       1.3771258945332499e+02, 1.3792284647660000e+02,
       1.3813111995783200e+02, 1.3833742860954300e+02,
       1.3854179096772299e+02, 1.3874422539349300e+02,
       1.3894475007476200e+02, 1.3914338302785001e+02,
       1.3934014209911899e+02, 1.3953504496656601e+02,
       1.3972810914141800e+02, 1.3991935196970201e+02,
       1.4010879063380500e+02, 1.4029644215401700e+02,
       1.4048232339006000e+02, 1.4066645104260400e+02,
       1.4084884165476601e+02, 1.4102951161359800e+02,
       1.4120847715155699e+02, 1.4138575434796499e+02,
       1.4156135913045401e+02, 1.4173530727639701e+02,
       1.4190761441432400e+02, 1.4207829602532601e+02,
       1.4224736744444999e+02, 1.4241484386207199e+02,
       1.4258074032526301e+02, 1.4274507173914299e+02,
       1.4290785286821799e+02, 1.4306909833770800e+02,
       1.4322882263485801e+02, 1.4338704011024501e+02,
       1.4354376497906199e+02, 1.4369901132239900e+02,
       1.4385279308850400e+02, 1.4400512409404200e+02,
       1.4415601802533101e+02, 1.4430548843957399e+02,
       1.4445354876607701e+02, 1.4460021230745599e+02,
       1.4474549224083000e+02, 1.4488940161900700e+02,
       1.4503195337165900e+02, 1.4517316030647601e+02,
       1.4531303511032601e+02, 1.4545159035038699e+02,
       1.4558883847528301e+02, 1.4572479181619599e+02,
       1.4585946258797799e+02, 1.4599286289024900e+02,
       1.4612500470847999e+02, 1.4625589991507400e+02,
       1.4638556027043001e+02, 1.4651399742400099e+02,
       1.4664122291534099e+02, 1.4676724817514099e+02,
       1.4689208452625499e+02, 1.4701574318472001e+02,
       1.4713823526076001e+02, 1.4725957175978800e+02,
       1.4737976358339199e+02, 1.4749882153031800e+02,
       1.4761675629743499e+02, 1.4773357848070000e+02,
       1.4784929857610899e+02, 1.4796392698064000e+02,
       1.4807747399318600e+02, 1.4818994981548300e+02,
       1.4830136455302400e+02, 1.4841172821596700e+02,
       1.4852105072003801e+02, 1.4862934188741499e+02,
       1.4873661144761900e+02, 1.4884286903838100e+02,
       1.4894812420651201e+02, 1.4905238640875700e+02,
