%YAML:1.0
T_control_horizon: 60
N: 126
su: !!opencv-matrix
   rows: 126
   cols: 1
   dt: d
   data: [ 2.2302685113695900e-01, 7.9200726259227205e-01,
       1.5899519364387100e+00, 2.5339094398264601e+00,
       3.5652770687053601e+00, 4.6428601497197404e+00,
       5.7379005975655897e+00, 6.8305164230039397e+00,
       7.9071521524728698e+00, 8.9587535224287098e+00,
       9.9794610675969100e+00, 1.0965675444656400e+01,
       1.1915389050860300e+01, 1.2827708389187800e+01,
       1.3702513050102000e+01, 1.4540212526869301e+01,
       1.5341573077786100e+01, 1.6107594727799398e+01,
       1.6839424147541600e+01, 1.7538293192890698e+01,
       1.8205475786500902e+01, 1.8842257899388500e+01,
       1.9449916878546400e+01, 2.0029707432586399e+01,
       2.0582852351158898e+01, 2.1110536581075198e+01,
       2.1613903674038799e+01, 2.2094053901691801e+01,
       2.2552043534804898e+01, 2.2988884927487799e+01,
       2.3405547150442299e+01, 2.3802956991127701e+01,
       2.4182000191560601e+01, 2.4543522832287000e+01,
       2.4888332798105601e+01, 2.5217201280444399e+01,
       2.5530864285092100e+01, 2.5830024123824199e+01,
       2.6115350875468000e+01, 2.6387483806930302e+01,
       2.6647032748234899e+01, 2.6894579418105501e+01,
       2.7130678698374400e+01, 2.7355859856712300e+01,
       2.7570627718013299e+01, 2.7775463785333901e+01,
       2.7970827311664600e+01, 2.8157156324049598e+01,
       2.8334868601716501e+01, 2.8504362609955400e+01,
       2.8666018391513202e+01, 2.8820198417270699e+01,
       2.8967248397940100e+01, 2.9107498058486001e+01,
       2.9241261876917100e+01, 2.9368839789046699e+01,
       2.9490517860756000e+01, 2.9606568929237099e+01,
       2.9717253214630599e+01, 2.9822818903412799e+01,
       2.9923502704829399e+01, 3.0019530381615098e+01,
       3.0111117256182499e+01, 3.0198468693412099e+01,
       3.0281780561121600e+01, 3.0361239669245901e+01,
       3.0437024188710801e+01, 3.0509304050937899e+01,
       3.0578241328876199e+01, 3.0643990600414700e+01,
       3.0706699294988798e+01, 3.0766508024159499e+01,
       3.0823550896905001e+01, 3.0877955820331898e+01,
       3.0929844786480398e+01, 3.0979334145866300e+01,
       3.1026534868373101e+01, 3.1071552792079402e+01,
       3.1114488860579002e+01, 3.1155439349326802e+01,
       3.1194496081516199e+01, 3.1231746633974801e+01,
       3.1267274533537300e+01, 3.1301159444337500e+01,
       3.1333477346439000e+01, 3.1364300706205100e+01,
       3.1393698638790099e+01, 3.1421737063116101e+01,
       3.1448478849682399e+01, 3.1473983961540601e+01,
       3.1498309588748899e+01, 3.1521510276609799e+01,
       3.1543638047976401e+01, 3.1564742519903799e+01,
       3.1584871014904600e+01, 3.1604068667060599e+01,
       3.1622378523226701e+01, 3.1639841639554401e+01,
       3.1656497173552701e+01, 3.1672382471890099e+01,
       3.1687533154137501e+01, 3.1701983192637702e+01,
       3.1715764988681400e+01, 3.1728909445160600e+01,
       3.1741446035862399e+01, 3.1753402871557601e+01,
       3.1764806763033398e+01, 3.1775683281211801e+01,
       3.1786056814486201e+01, 3.1795950623408501e+01,
       3.1805386892845501e+01, 3.1814386781724100e+01,
       3.1822970470476200e+01, 3.1831157206288900e+01,
       3.1838965346262501e+01, 3.1846412398572699e+01,
       3.1853515061729400e+01, 3.1860289262018899e+01,
       3.1866750189216202e+01, 3.1872912330644901e+01,
       3.1878789503661501e+01, 3.1884394886638599e+01,
       3.1889741048514701e+01, 3.1894839976977199e+01,
       3.1899703105342599e+01, 3.1904341338193301e+01 ]
alpha_response_time_parameter: 3.
measured_output: !!opencv-matrix
   rows: 51
   cols: 1
   dt: d
   data: [ 0., 2.8641931260591402e-01, 5.8285558400843096e-01,
       7.9760615644547295e-01, 9.2459485725244295e-01,
       9.8700554588191602e-01, 1.0107857277603101e+00,
       1.0153392563873700e+00, 1.0124092670711500e+00,
       1.0079133379135601e+00, 1.0042018484742099e+00,
       1.0018055132869801e+00, 1.0005182126134500e+00,
       9.9995604916412595e-01, 9.9978794355607803e-01,
       9.9979461896684396e-01, 9.9985553958312001e-01,
       9.9991643969021204e-01, 9.9995992213868201e-01,
       9.9998547281847405e-01, 9.9999823045242098e-01,
       1.0000037764048300e+00, 1.0000063029247901e+00,
       1.0000082676108399e+00, 1.0000090056774800e+00,
       1.0000082740008600e+00, 1.0000065405220999e+00,
       1.0000044944459301e+00, 1.0000026672853899e+00,
       1.0000013143964701e+00, 1.0000004635320301e+00,
       1.0000000168775300e+00, 9.9999983937274295e-01,
       9.9999981118639003e-01, 9.9999984782196605e-01,
       9.9999990001428096e-01, 9.9999994484146004e-01,
       9.9999997545998198e-01, 9.9999999294480602e-01,
       1.0000000010903001e+00, 1.0000000037232499e+00,
       1.0000000036834800e+00, 1.0000000027032301e+00,
       1.0000000016537101e+00, 1.0000000008618100e+00,
       1.0000000003685601e+00, 1.0000000000994000e+00,
       9.9999999996865396e-01, 9.9999999991504795e-01,
       9.9999999990242405e-01, 9.9999999991074995e-01 ]
control moves: !!opencv-matrix
   rows: 51
   cols: 1
   dt: d
   data: [ 0., 7.2793298811218898e-01, 1.0398103422246801e+00,
       1.1286428930785599e+00, 1.1203471880954201e+00,
       1.0832112530913001e+00, 1.0474427374074999e+00,
       1.0223584938206600e+00, 1.0078927058782901e+00,
       1.0009828897216300e+00, 9.9848060946605799e-01,
       9.9811157677609197e-01, 9.9853384624274799e-01,
       9.9908947753357802e-01, 9.9952880975603098e-01,
       9.9980490907303798e-01, 9.9994944835261501e-01,
       1.0000103168449199e+00, 1.0000269500756900e+00,
       1.0000248590401799e+00, 1.0000178962696600e+00,
       1.0000123254576401e+00, 1.0000101975403699e+00,
       1.0000112961627701e+00, 1.0000101434028399e+00,
       1.0000071461256601e+00, 1.0000038683748500e+00,
       1.0000013404316299e+00, 9.9999985072823705e-01,
       9.9999922892619297e-01, 9.9999915192953304e-01,
       9.9999932836227001e-01, 9.9999956575016002e-01,
       9.9999976773729304e-01, 9.9999990429548902e-01,
       9.9999998046842598e-01, 1.0000000139422900e+00,
       1.0000000226582499e+00, 1.0000000198975600e+00,
       1.0000000136465399e+00, 1.0000000077819300e+00,
       1.0000000036221799e+00, 1.0000000011921699e+00,
       1.0000000000358700e+00, 9.9999999964111497e-01,
       9.9999999960820996e-01, 9.9999999968450604e-01,
       9.9999999976710297e-01, 9.9999999983241605e-01,
       9.9999999988296395e-01, 9.9999999992358302e-01 ]
