%YAML:1.0
T_control_horizon: 60
N: 126
su: !!opencv-matrix
   rows: 126
   cols: 1
   dt: d
   data: [ 1.9426146308565501e-01, 6.9936708207569198e-01,
       1.4214420216841499e+00, 2.2907109176482301e+00,
       3.2554729951121200e+00, 4.2775761554791103e+00,
       5.3290174277215101e+00, 6.3893897842272596e+00,
       7.4439649109692496e+00, 8.4822538167119603e+00,
       9.4969264642729598e+00, 1.0483001138497000e+01,
       1.1437236457822401e+01, 1.2357675613141300e+01,
       1.3243304949784999e+01, 1.4093798425959900e+01,
       1.4909326557879499e+01, 1.5690413779877300e+01,
       1.6437832144068100e+01, 1.7152522287145398e+01,
       1.7835534848508800e+01, 1.8487987219620202e+01,
       1.9111031778680001e+01, 1.9705832722168701e+01,
       2.0273549324221101e+01, 2.0815323995361400e+01,
       2.1332273918273302e+01, 2.1825485343425001e+01,
       2.2296009856615001e+01, 2.2744862102715199e+01,
       2.3173018579247099e+01, 2.3581417210576099e+01,
       2.3970957486469999e+01, 2.4342501003537802e+01,
       2.4696872289181400e+01, 2.5034859818545900e+01,
       2.5357217158089199e+01, 2.5664664186746599e+01,
       2.5957888358656799e+01, 2.6237545981150799e+01,
       2.6504263488976999e+01, 2.6758638701171002e+01,
       2.7001242051028999e+01, 2.7232617782654000e+01,
       2.7453285109783302e+01, 2.7663739334248898e+01,
       2.7864452922644599e+01, 2.8055876540650999e+01,
       2.8238440045118999e+01, 2.8412553434464300e+01,
       2.8578607758251700e+01, 2.8736975987067499e+01,
       2.8888013843924099e+01, 2.9032060598530101e+01,
       2.9169439825810901e+01, 2.9300460130080399e+01,
       2.9425415836266001e+01, 2.9544587649568498e+01,
       2.9658243284911400e+01, 2.9766638067497698e+01,
       2.9870015505750398e+01, 2.9968607837870699e+01,
       3.0062636553200100e+01, 3.0152312889527501e+01,
       3.0237838307434799e+01, 3.0319404942730699e+01,
       3.0397196037974101e+01, 3.0471386354049599e+01,
       3.0542142562708399e+01, 3.0609623620955698e+01,
       3.0673981128116999e+01, 3.0735359666385701e+01,
       3.0793897125613000e+01, 3.0849725013068301e+01,
       3.0902968748865099e+01, 3.0953747947714600e+01,
       3.1002176687639601e+01, 3.1048363766251200e+01,
       3.1092412945164700e+01, 3.1134423183102498e+01,
       3.1174488858207400e+01, 3.1212699980066901e+01,
       3.1249142391922700e+01, 3.1283897963521198e+01,
       3.1317044775037498e+01, 3.1348657292485800e+01,
       3.1378806535010799e+01, 3.1407560234435799e+01,
       3.1434982987425300e+01, 3.1461136400604399e+01,
       3.1486079228961501e+01, 3.1509867507844099e+01,
       3.1532554678845202e+01, 3.1554191709862000e+01,
       3.1574827209598801e+01, 3.1594507536767999e+01,
       3.1613276904237900e+01, 3.1631177478358801e+01,
       3.1648249473692399e+01, 3.1664531243355000e+01,
       3.1680059365180700e+01, 3.1694868723894601e+01,
       3.1708992589483898e+01, 3.1722462691939700e+01,
       3.1735309292541000e+01, 3.1747561251837400e+01,
       3.1759246094486500e+01, 3.1770390071089000e+01,
       3.1781018217162199e+01, 3.1791154409383498e+01,
       3.1800821419230800e+01, 3.1810040964139400e+01,
       3.1818833756291902e+01, 3.1827219549148499e+01,
       3.1835217181824699e+01, 3.1842844621414201e+01,
       3.1850119003352901e+01, 3.1857056669914201e+01,
       3.1863673206923501e+01, 3.1869983478771900e+01,
       3.1876001661810001e+01, 3.1881741276195900e+01,
       3.1887215216268899e+01, 3.1892435779517200e+01,
       3.1897414694205100e+01, 3.1902163145720799e+01 ]
alpha_response_time_parameter: 0.0041
measured_output: !!opencv-matrix
   rows: 51
   cols: 1
   dt: d
   data: [ 0., 2.8641931260591402e-01, 5.8285558400843096e-01,
       7.9760615644547295e-01, 9.2459485725244295e-01,
       9.8700554588191602e-01, 1.0107857277603101e+00,
       1.0153392563873700e+00, 1.0124092670711500e+00,
       1.0079133379135601e+00, 1.0042018484742099e+00,
       1.0018055132869801e+00, 1.0005182126134500e+00,
       9.9995604916412595e-01, 9.9978794355607803e-01,
       9.9979461896684396e-01, 9.9985553958312001e-01,
       9.9991643969021204e-01, 9.9995992213868201e-01,
       9.9998547281847405e-01, 9.9999823045242098e-01,
       1.0000037764048300e+00, 1.0000063029247901e+00,
       1.0000082676108399e+00, 1.0000090056774800e+00,
       1.0000082740008600e+00, 1.0000065405220999e+00,
       1.0000044944459301e+00, 1.0000026672853899e+00,
       1.0000013143964701e+00, 1.0000004635320301e+00,
       1.0000000168775300e+00, 9.9999983937274295e-01,
       9.9999981118639003e-01, 9.9999984782196605e-01,
       9.9999990001428096e-01, 9.9999994484146004e-01,
       9.9999997545998198e-01, 9.9999999294480602e-01,
       1.0000000010903001e+00, 1.0000000037232499e+00,
       1.0000000036834800e+00, 1.0000000027032301e+00,
       1.0000000016537101e+00, 1.0000000008618100e+00,
       1.0000000003685601e+00, 1.0000000000994000e+00,
       9.9999999996865396e-01, 9.9999999991504795e-01,
       9.9999999990242405e-01, 9.9999999991074995e-01 ]
control moves: !!opencv-matrix
   rows: 51
   cols: 1
   dt: d
   data: [ 0., 7.2793298811218898e-01, 1.0398103422246801e+00,
       1.1286428930785599e+00, 1.1203471880954201e+00,
       1.0832112530913001e+00, 1.0474427374074999e+00,
       1.0223584938206600e+00, 1.0078927058782901e+00,
       1.0009828897216300e+00, 9.9848060946605799e-01,
       9.9811157677609197e-01, 9.9853384624274799e-01,
       9.9908947753357802e-01, 9.9952880975603098e-01,
       9.9980490907303798e-01, 9.9994944835261501e-01,
       1.0000103168449199e+00, 1.0000269500756900e+00,
       1.0000248590401799e+00, 1.0000178962696600e+00,
       1.0000123254576401e+00, 1.0000101975403699e+00,
       1.0000112961627701e+00, 1.0000101434028399e+00,
       1.0000071461256601e+00, 1.0000038683748500e+00,
       1.0000013404316299e+00, 9.9999985072823705e-01,
       9.9999922892619297e-01, 9.9999915192953304e-01,
       9.9999932836227001e-01, 9.9999956575016002e-01,
       9.9999976773729304e-01, 9.9999990429548902e-01,
       9.9999998046842598e-01, 1.0000000139422900e+00,
       1.0000000226582499e+00, 1.0000000198975600e+00,
       1.0000000136465399e+00, 1.0000000077819300e+00,
       1.0000000036221799e+00, 1.0000000011921699e+00,
       1.0000000000358700e+00, 9.9999999964111497e-01,
       9.9999999960820996e-01, 9.9999999968450604e-01,
       9.9999999976710297e-01, 9.9999999983241605e-01,
       9.9999999988296395e-01, 9.9999999992358302e-01 ]
