%YAML:1.0
T_control_horizon: 60
N: 75
su: !!opencv-matrix
   rows: 75
   cols: 1
   dt: d
   data: [ 3.8243796342333400e+00, 1.0376919915105001e+01,
       1.7174875475172001e+01, 2.3761807877880500e+01,
       3.0063420421083300e+01, 3.6077042208417801e+01,
       4.1813004791275198e+01, 4.7283593990386500e+01,
       5.2500986381321297e+01, 5.7476881689142701e+01,
       6.2222454474011201e+01, 6.6748365145586305e+01,
       7.1064781250961303e+01, 7.5181399813941397e+01,
       7.9107469024970797e+01, 8.2851808999737202e+01,
       8.6422831590629301e+01, 8.9828559283756903e+01,
       9.3076643221757905e+01, 9.6174380392461600e+01,
       9.9128730021943298e+01, 1.0194632920878300e+02,
       1.0463350783465000e+02, 1.0719630278470601e+02,
       1.0964047150978099e+02, 1.1197150496078100e+02,
       1.1419463992439201e+02, 1.1631487078779401e+02,
       1.1833696075880400e+02, 1.2026545256667301e+02,
       1.2210467866755700e+02, 1.2385877097760500e+02,
       1.2553167015551900e+02, 1.2712713445545100e+02,
       1.2864874817011199e+02, 1.3009992968306801e+02,
       1.3148393914831800e+02, 1.3280388581439800e+02,
       1.3406273500946500e+02, 1.3526331480306101e+02,
       1.3640832235951800e+02, 1.3750032999727500e+02,
       1.3854179096772401e+02, 1.3953504496656799e+02,
       1.4048232339006199e+02, 1.4138575434796701e+02,
       1.4224736744445201e+02, 1.4306909833770999e+02,
       1.4385279308850599e+02, 1.4460021230745801e+02,
       1.4531303511032800e+02, 1.4599286289025099e+02,
       1.4664122291534301e+02, 1.4725957175978900e+02,
       1.4784929857611101e+02, 1.4841172821596899e+02,
       1.4894812420651400e+02, 1.4945969158895900e+02,
       1.4994757962577299e+02, 1.5041288438255600e+02,
       1.5085665119040399e+02, 1.5127987699430500e+02,
       1.5168351259281999e+02, 1.5206846477410801e+02,
       1.5243559835306800e+02, 1.5278573811419000e+02,
       1.5311967066447900e+02, 1.5343814620060601e+02,
       1.5374188019426100e+02, 1.5403155499950500e+02,
       1.5430782138570200e+02, 1.5457129999951701e+02,
       1.5482258275922399e+02, 1.5506223418448300e+02,
       1.5529079266456000e+02 ]
alpha_response_time_parameter: 0.01
measured_output: !!opencv-matrix
   rows: 51
   cols: 1
   dt: d
   data: [ 0., 2.8641931260591402e-01, 5.8285558400843096e-01,
       7.9760615644547295e-01, 9.2459485725244295e-01,
       9.8700554588191602e-01, 1.0107857277603101e+00,
       1.0153392563873700e+00, 1.0124092670711500e+00,
       1.0079133379135601e+00, 1.0042018484742099e+00,
       1.0018055132869801e+00, 1.0005182126134500e+00,
       9.9995604916412595e-01, 9.9978794355607803e-01,
       9.9979461896684396e-01, 9.9985553958312001e-01,
       9.9991643969021204e-01, 9.9995992213868201e-01,
       9.9998547281847405e-01, 9.9999823045242098e-01,
       1.0000037764048300e+00, 1.0000063029247901e+00,
       1.0000082676108399e+00, 1.0000090056774800e+00,
       1.0000082740008600e+00, 1.0000065405220999e+00,
       1.0000044944459301e+00, 1.0000026672853899e+00,
       1.0000013143964701e+00, 1.0000004635320301e+00,
       1.0000000168775300e+00, 9.9999983937274295e-01,
       9.9999981118639003e-01, 9.9999984782196605e-01,
       9.9999990001428096e-01, 9.9999994484146004e-01,
       9.9999997545998198e-01, 9.9999999294480602e-01,
       1.0000000010903001e+00, 1.0000000037232499e+00,
       1.0000000036834800e+00, 1.0000000027032301e+00,
       1.0000000016537101e+00, 1.0000000008618100e+00,
       1.0000000003685601e+00, 1.0000000000994000e+00,
       9.9999999996865396e-01, 9.9999999991504795e-01,
       9.9999999990242405e-01, 9.9999999991074995e-01 ]
control moves: !!opencv-matrix
   rows: 51
   cols: 1
   dt: d
   data: [ 0., 7.2793298811218898e-01, 1.0398103422246801e+00,
       1.1286428930785599e+00, 1.1203471880954201e+00,
       1.0832112530913001e+00, 1.0474427374074999e+00,
       1.0223584938206600e+00, 1.0078927058782901e+00,
       1.0009828897216300e+00, 9.9848060946605799e-01,
       9.9811157677609197e-01, 9.9853384624274799e-01,
       9.9908947753357802e-01, 9.9952880975603098e-01,
       9.9980490907303798e-01, 9.9994944835261501e-01,
       1.0000103168449199e+00, 1.0000269500756900e+00,
       1.0000248590401799e+00, 1.0000178962696600e+00,
       1.0000123254576401e+00, 1.0000101975403699e+00,
       1.0000112961627701e+00, 1.0000101434028399e+00,
       1.0000071461256601e+00, 1.0000038683748500e+00,
       1.0000013404316299e+00, 9.9999985072823705e-01,
       9.9999922892619297e-01, 9.9999915192953304e-01,
       9.9999932836227001e-01, 9.9999956575016002e-01,
       9.9999976773729304e-01, 9.9999990429548902e-01,
       9.9999998046842598e-01, 1.0000000139422900e+00,
       1.0000000226582499e+00, 1.0000000198975600e+00,
       1.0000000136465399e+00, 1.0000000077819300e+00,
       1.0000000036221799e+00, 1.0000000011921699e+00,
       1.0000000000358700e+00, 9.9999999964111497e-01,
       9.9999999960820996e-01, 9.9999999968450604e-01,
       9.9999999976710297e-01, 9.9999999983241605e-01,
       9.9999999988296395e-01, 9.9999999992358302e-01 ]
measured_output_2: !!opencv-matrix
   rows: 101
   cols: 1
   dt: d
   data: [ 0., 2.8641931260591402e-01, 5.8285558400843096e-01,
       7.9760615644547295e-01, 9.2459485725244295e-01,
       9.8700554588191602e-01, 1.0107857277603101e+00,
       1.0153392563873700e+00, 1.0124092670711500e+00,
       1.0079133379135601e+00, 1.0042018484742099e+00,
       1.0018055132869801e+00, 1.0005182126134500e+00,
       9.9995604916412595e-01, 9.9978794355607803e-01,
       9.9979461896684396e-01, 9.9985553958312001e-01,
       9.9991643969021204e-01, 9.9995992213868201e-01,
       9.9998547281847405e-01, 9.9999823045242098e-01,
       1.0000037764048300e+00, 1.0000063029247901e+00,
       1.0000082676108399e+00, 1.0000090056774800e+00,
       1.0000082740008600e+00, 1.0000065405220999e+00,
       1.0000044944459301e+00, 1.0000026672853899e+00,
       1.0000013143964701e+00, 1.0000004635320301e+00,
       1.0000000168775300e+00, 9.9999983937274295e-01,
       9.9999981118639003e-01, 9.9999984782196605e-01,
       9.9999990001428096e-01, 9.9999994484146004e-01,
       9.9999997545998198e-01, 9.9999999294480602e-01,
       1.0000000010903001e+00, 1.0000000037232499e+00,
       1.0000000036834800e+00, 1.0000000027032301e+00,
       1.0000000016537101e+00, 1.0000000008618100e+00,
       1.0000000003685601e+00, 1.0000000000994000e+00,
       9.9999999996865396e-01, 9.9999999991504795e-01,
       9.9999999990242405e-01, 8.2814841236498404e-01,
       6.5028664954369297e-01, 5.2143630609989899e-01,
       4.4524308563023501e-01, 4.0779667246260798e-01,
       3.9352856334164499e-01, 3.9079644616846199e-01,
       3.9255443975929000e-01, 3.9525199725385102e-01,
       3.9747889091701100e-01, 3.9891669202881003e-01,
       3.9968907243248097e-01, 4.0002637050176498e-01,
       4.0012723386641502e-01, 4.0012322861987198e-01,
       4.0008667625007899e-01, 4.0005013618582602e-01,
       4.0002404671675601e-01, 4.0000871630889401e-01,
       4.0000106172853600e-01, 3.9999773415709899e-01,
       3.9999621824512199e-01, 3.9999503943349302e-01,
       3.9999459659351100e-01, 3.9999503559948801e-01,
       3.9999607568674300e-01, 3.9999730333244199e-01,
       3.9999839962876499e-01, 3.9999921136212002e-01,
       3.9999972188078298e-01, 3.9999998987348101e-01,
       4.0000009637635497e-01, 4.0000011328816698e-01,
       4.0000009130682102e-01, 4.0000005999143201e-01,
       4.0000003309512400e-01, 4.0000001472400998e-01,
       4.0000000423311599e-01, 3.9999999934581798e-01,
       3.9999999776604900e-01, 3.9999999778990902e-01,
       3.9999999837806299e-01, 3.9999999900777700e-01,
       3.9999999948291198e-01, 3.9999999977886502e-01,
       3.9999999994035701e-01, 4.0000000001880798e-01,
       4.0000000005097103e-01, 4.0000000005854602e-01,
       4.0000000005355002e-01, 4.0000000004288000e-01 ]
