%YAML:1.0
image_width: 752
image_height: 480
sensor_width: 4.512e-3
sensor_height: 2.880e-3
camera_name: pelican_front
camera_matrix: !!opencv-matrix
   rows: 3
   cols: 3
   dt: d
   data: [476.230800192709640, 0, 345.240329753931860, 0, 476.650241796170580, 235.340201446674370, 0, 0, 1]
distortion_model: plumb_bob
distortion_coefficients: !!opencv-matrix
   rows: 1
   cols: 5
   dt: d
   data: [-0.347647392958754, 0.114556257319025, 0.000036364148498, -0.000676781828892, 0.000000000000000]
