%YAML:1.0
camera_pose_wrt_droneGMR: !!opencv-matrix
   rows: 4
   cols: 4
   dt: d
   data: [-1.0000,0.0000,0.0000,0,0,0.5150,-0.8572,-0.1530,-0.0000,-0.8572,-0.5150,-0.0200,0,0,0,1.0000]