%YAML:1.0
camera_pose_wrt_droneGMR: !!opencv-matrix
   rows: 4
   cols: 4
   dt: d
   data: [-1.0000,0.0000,0.0000,0.0600,0.0000,1.0000,0.0000,-0.0250,0,0.0000,-1.0000,-0.0400,0,0,0,1.0000]