%YAML:1.0
T_control_horizon: 60
N: 195
su: !!opencv-matrix
   rows: 195
   cols: 1
   dt: d
   data: [ 8.9582256763127299e-01, 2.3475836551844100e+00,
       3.8319415275702000e+00, 5.2794361726729004e+00,
       6.6819899927655104e+00, 8.0397902030447899e+00,
       9.3541015046404308e+00, 1.0626294700786699e+01,
       1.1857716507275100e+01, 1.3049673165377801e+01,
       1.4203429416770300e+01, 1.5320209519252600e+01,
       1.6401198501663199e+01, 1.7447543415352399e+01,
       1.8460354550523999e+01, 1.9440706614269700e+01,
       2.0389639870939799e+01, 2.1308161245979200e+01,
       2.2197245394389100e+01, 2.3057835734945701e+01,
       2.3890845451274402e+01, 2.4697158460840999e+01,
       2.5477630352887601e+01, 2.6233089296309998e+01,
       2.6964336918437901e+01, 2.7672149155652701e+01,
       2.8357277076743600e+01, 2.9020447679875900e+01,
       2.9662364664019101e+01, 3.0283709175650401e+01,
       3.0885140531528400e+01, 3.1467296918302502e+01,
       3.2030796069701303e+01, 3.2576235922017901e+01,
       3.3104195248587601e+01, 3.3615234273932103e+01,
       3.4109895268221003e+01, 3.4588703122681700e+01,
       3.5052165906568298e+01, 3.5500775406280702e+01,
       3.5935007647204998e+01, 3.6355323398831104e+01,
       3.6762168663680498e+01, 3.7155975150565702e+01,
       3.7537160732681897e+01, 3.7906129891017798e+01,
       3.8263274143555797e+01, 3.8608972460716501e+01,
       3.8943591667489201e+01, 3.9267486832674997e+01,
       3.9581001645654702e+01, 3.9884468781081999e+01,
       4.0178210251888899e+01, 4.0462537750978299e+01,
       4.0737752981964597e+01, 4.1004147979316102e+01,
       4.1262005418236001e+01, 4.1511598914613202e+01,
       4.1753193315359297e+01, 4.1987044979441400e+01,
       4.2213402049907700e+01, 4.2432504717195698e+01,
       4.2644585474000799e+01, 4.2849869361977902e+01,
       4.3048574210535897e+01, 4.3240910867978798e+01,
       4.3427083425240603e+01, 4.3607289432447899e+01,
       4.3781720108543297e+01, 4.3950560544190402e+01,
       4.4113989898175703e+01, 4.4272181587516698e+01,
       4.4425303471476298e+01, 4.4573518029681097e+01,
       4.4716982534530402e+01, 4.4855849218079697e+01,
       4.4990265433576802e+01, 4.5120373811819597e+01,
       4.5246312412503798e+01, 4.5368214870719697e+01,
       4.5486210538754499e+01, 4.5600424623349198e+01,
       4.5710978318557302e+01, 4.5817988934345600e+01,
       4.5921570021073002e+01, 4.6021831489980599e+01,
       4.6118879729819497e+01, 4.6212817719741700e+01,
       4.6303745138572602e+01, 4.6391758470581301e+01,
       4.6476951107861296e+01, 4.6559413449430203e+01,
       4.6639232997153400e+01, 4.6716494448592996e+01,
       4.6791279786882100e+01, 4.6863668367717800e+01,
       4.6933737003566499e+01, 4.7001560045170898e+01,
       4.7067209460444197e+01, 4.7130754910836501e+01,
       4.7192263825253399e+01, 4.7251801471605603e+01,
       4.7309431026065297e+01, 4.7365213640104002e+01,
       4.7419208505380297e+01, 4.7471472916549502e+01,
       4.7522062332059200e+01, 4.7571030432997603e+01,
       4.7618429180054797e+01, 4.7664308868658900e+01,
       4.7708718182345400e+01, 4.7751704244415798e+01,
       4.7793312667940697e+01, 4.7833587604160599e+01,
       4.7872571789335197e+01, 4.7910306590091302e+01,
       4.7946832047317898e+01, 4.7982186918653603e+01,
       4.8016408719613104e+01, 4.8049533763395303e+01,
       4.8081597199415903e+01, 4.8112633050604799e+01,
       4.8142674249507998e+01, 4.8171752673233200e+01,
       4.8199899177274801e+01, 4.8227143628255000e+01,
       4.8253514935615897e+01, 4.8279041082295201e+01,
       4.8303749154419897e+01, 4.8327665370047299e+01,
       4.8350815106985500e+01, 4.8373222929722097e+01,
       4.8394912615489801e+01, 4.8415907179496699e+01,
       4.8436228899348400e+01, 4.8455899338686599e+01,
       4.8474939370070800e+01, 4.8493369197126597e+01,
       4.8511208375983401e+01, 4.8528475836026601e+01,
       4.8545189899983001e+01, 4.8561368303363601e+01,
       4.8577028213283100e+01, 4.8592186246676000e+01,
       4.8606858487929202e+01, 4.8621060505948897e+01,
       4.8634807370681600e+01, 4.8648113669104497e+01,
       4.8660993520704501e+01, 4.8673460592459797e+01,
       4.8685528113342698e+01, 4.8697208888356997e+01,
       4.8708515312125201e+01, 4.8719459382040903e+01,
       4.8730052710999303e+01, 4.8740306539719903e+01,
       4.8750231748673897e+01, 4.8759838869629803e+01,
       4.8769138096829003e+01, 4.8778139297802603e+01,
       4.8786852023842201e+01, 4.8795285520135003e+01,
       4.8803448735573802e+01, 4.8811350332252999e+01,
       4.8818998694659598e+01, 4.8826401938570797e+01,
       4.8833567919665001e+01, 4.8840504241858397e+01,
       4.8847218265372597e+01, 4.8853717114545603e+01,
       4.8860007685390897e+01, 4.8866096652915203e+01,
       4.8871990478201397e+01, 4.8877695415264199e+01,
       4.8883217517686603e+01, 4.8888562645043599e+01,
       4.8893736469119403e+01, 4.8898744479926201e+01,
       4.8903591991529503e+01, 4.8908284147686999e+01,
       4.8912825927306898e+01, 4.8917222149730499e+01,
       4.8921477479846899e+01, 4.8925596433042301e+01,
       4.8929583379991598e+01, 4.8933442551296103e+01,
       4.8937178041972899e+01, 4.8940793815799701e+01,
       4.8944293709521297e+01, 4.8947681436920497e+01,
       4.8950960592759102e+01, 4.8954134656591897e+01,
       4.8957206996459597e+01, 4.8960180872461898e+01,
       4.8963059440217499e+01 ]
alpha_response_time_parameter: 1.00
