image_width: 640
image_height: 480
camera_name: head_camera
camera_matrix:
  rows: 3
  cols: 3
  data: [826.3907906185527, 0, 332.4750635299737, 0, 827.6926417468262, 277.495594232365, 0, 0, 1]
distortion_model: plumb_bob
distortion_coefficients:
  rows: 1
  cols: 5
  data: [-0.02382241203261926, 0.06099458389429485, 0.005921836536278477, -0.002049362290326394, 0]
rectification_matrix:
  rows: 3
  cols: 3
  data: [1, 0, 0, 0, 1, 0, 0, 0, 1]
projection_matrix:
  rows: 3
  cols: 4
  data: [825.7147216796875, 0, 331.092944656466, 0, 0, 824.8388061523438, 278.7137559816038, 0, 0, 0, 1, 0]