%YAML:1.0
T_control_horizon: 60
N: 482
su: !!opencv-matrix
   rows: 482
   cols: 1
   dt: d
   data: [ 1.9646099722106100e-01, 7.1556315373130297e-01,
       1.4718786745806200e+00, 2.4012845453553799e+00,
       3.4556667652850601e+00, 4.5989407134274298e+00,
       5.8040605587687697e+00, 7.0507719141625298e+00,
       8.3239230209334707e+00, 9.6121956563947801e+00,
       1.0907151453406801e+01, 1.2202515244729200e+01,
       1.3493636525931500e+01, 1.4777084770168299e+01,
       1.6050345329403601e+01, 1.7311590923886602e+01,
       1.8559509934299498e+01, 1.9793177379646799e+01,
       2.1011957972333100e+01, 2.2215433278347600e+01,
       2.3403346991718202e+01, 2.4575563821258200e+01,
       2.5732038606478401e+01, 2.6872793120318001e+01,
       2.7997898648187100e+01, 2.9107462907615101e+01,
       3.0201620229609802e+01, 3.1280524190963600e+01,
       3.2344342088238697e+01, 3.3393250795581103e+01,
       3.4427433662303500e+01, 3.5447078191684298e+01,
       3.6452374306689002e+01, 3.7443513056608403e+01,
       3.8420685654896701e+01, 3.9384082765759103e+01,
       4.0333893977534998e+01, 4.1270307416319000e+01,
       4.2193509464834399e+01, 4.3103684560272796e+01,
       4.4001015051345703e+01, 4.4885681099705302e+01,
       4.5757860614584601e+01, 4.6617729212276103e+01,
       4.7465460194156101e+01, 4.8301224538524998e+01,
       4.9125190902713101e+01, 4.9937525632783597e+01,
       5.0738392778830203e+01, 5.1527954114365897e+01,
       5.2306369158675501e+01, 5.3073795201284398e+01,
       5.3830387327909698e+01, 5.4576298447418701e+01,
       5.5311679319439797e+01, 5.6036678582357801e+01,
       5.6751442781498397e+01, 5.7456116397351799e+01,
       5.8150841873727600e+01, 5.8835759645759403e+01,
       5.9511008167700098e+01, 6.0176723940464100e+01,
       6.0833041538886498e+01, 6.1480093638675200e+01,
       6.2118011043042799e+01, 6.2746922709006299e+01,
       6.3366955773349900e+01, 6.3978235578245403e+01,
       6.4580885696530601e+01, 6.5175027956644797e+01,
       6.5760782467222498e+01, 6.6338267641348693e+01,
       6.6907600220477605e+01, 6.7468895298017401e+01,
       6.8022266342586704e+01, 6.8567825220944300e+01,
       6.9105682220597600e+01, 6.9635946072093205e+01,
       7.0158723970993805e+01, 7.0674121599545600e+01,
       7.1182243148040897e+01, 7.1683191335879002e+01,
       7.2177067432330304e+01, 7.2663971277007903e+01,
       7.3144001300049595e+01, 7.3617254542015900e+01,
       7.4083826673507005e+01, 7.4543812014502393e+01,
       7.4997303553428594e+01, 7.5444392965956496e+01,
       7.5885170633534102e+01, 7.6319725661657898e+01,
       7.6748145897885294e+01, 7.7170517949594199e+01,
       7.7586927201490298e+01, 7.7997457832868506e+01,
       7.8402192834630299e+01, 7.8801214026060094e+01,
       7.9194602071366404e+01, 7.9582436495987594e+01,
       7.9964795702668994e+01, 8.0341756987311996e+01,
       8.0713396554599996e+01, 8.1079789533403897e+01,
       8.1441009991968997e+01, 8.1797130952889106e+01,
       8.2148224407867900e+01, 8.2494361332272604e+01,
       8.2835611699482001e+01, 8.3172044495032097e+01,
       8.3503727730561593e+01, 8.3830728457560895e+01,
       8.4153112780927103e+01, 8.4470945872327206e+01,
       8.4784291983373194e+01, 8.5093214458610305e+01,
       8.5397775748323198e+01, 8.5698037421159896e+01,
       8.5994060176578500e+01, 8.6285903857118299e+01,
       8.6573627460496397e+01, 8.6857289151535198e+01,
       8.7136946273920202e+01, 8.7412655361792801e+01,
       8.7684472151178397e+01, 8.7952451591254302e+01,
       8.8216647855457296e+01, 8.8477114352436004e+01,
       8.8733903736846699e+01, 8.8987067919998694e+01,
       8.9236658080347794e+01, 8.9482724673842398e+01,
       8.9725317444123903e+01, 8.9964485432581796e+01,
       9.0200276988268499e+01, 9.0432739777673007e+01,
       9.0661920794356604e+01, 9.0887866368453302e+01,
       9.1110622176035704e+01, 9.1330233248348407e+01,
       9.1546743980911401e+01, 9.1760198142494900e+01,
       9.1970638883967496e+01, 9.2178108747019095e+01,
       9.2382649672761104e+01, 9.2584303010205204e+01,
       9.2783109524621906e+01, 9.2979109405781600e+01,
       9.3172342276079306e+01, 9.3362847198544500e+01,
       9.3550662684737503e+01, 9.3735826702535505e+01,
       9.3918376683807196e+01, 9.4098349531980404e+01,
       9.4275781629502205e+01, 9.4450708845193404e+01,
       9.4623166541500197e+01, 9.4793189581642494e+01,
       9.4960812336661803e+01, 9.5126068692369500e+01,
       9.5288992056197102e+01, 9.5449615363949604e+01,
       9.5607971086463806e+01, 9.5764091236172206e+01,
       9.5918007373574795e+01, 9.6069750613618993e+01,
       9.6219351631989596e+01, 9.6366840671310300e+01,
       9.6512247547257303e+01, 9.6655601654586405e+01,
       9.6796931973075701e+01, 9.6936267073384002e+01,
       9.7073635122826005e+01, 9.7209063891067302e+01,
       9.7342580755737302e+01, 9.7474212707964497e+01,
       9.7603986357832397e+01, 9.7731927939758904e+01,
       9.7858063317800003e+01, 9.7982417990878204e+01,
       9.8105017097937093e+01, 9.8225885423023698e+01,
       9.8345047400298100e+01, 9.8462527118973796e+01,
       9.8578348328186493e+01, 9.8692534441795900e+01,
       9.8805108543118493e+01, 9.8916093389594195e+01,
       9.9025511417386596e+01, 9.9133384745919003e+01,
       9.9239735182345498e+01, 9.9344584225959807e+01,
       9.9447953072541196e+01, 9.9549862618639494e+01,
       9.9650333465799093e+01, 9.9749385924724194e+01,
       9.9847040019384394e+01, 9.9943315491062606e+01,
       1.0003823180234600e+02, 1.0013180814106001e+02,
       1.0022406342414899e+02, 1.0031501630149600e+02,
       1.0040468515970100e+02, 1.0049308812578700e+02,
       1.0058024307087500e+02, 1.0066616761378999e+02,
       1.0075087912462500e+02, 1.0083439472825199e+02,
       1.0091673130778500e+02, 1.0099790550799000e+02,
       1.0107793373865600e+02, 1.0115683217790500e+02,
       1.0123461677546500e+02, 1.0131130325590000e+02,
       1.0138690712177799e+02, 1.0146144365681400e+02,
       1.0153492792895700e+02, 1.0160737479343500e+02,
       1.0167879889575700e+02, 1.0174921467467701e+02,
       1.0181863636511100e+02, 1.0188707800101500e+02,
       1.0195455341822000e+02, 1.0202107625723499e+02,
       1.0208665996599500e+02, 1.0215131780259000e+02,
       1.0221506283793600e+02, 1.0227790795842500e+02,
       1.0233986586852400e+02, 1.0240094909334600e+02,
       1.0246116998118301e+02, 1.0252054070600100e+02,
       1.0257907326989999e+02, 1.0263677950554199e+02,
       1.0269367107854400e+02, 1.0274975948983200e+02,
       1.0280505607796999e+02, 1.0285957202145100e+02,
       1.0291331834095600e+02, 1.0296630590158300e+02,
       1.0301854541504400e+02, 1.0307004744182700e+02,
       1.0312082239333500e+02, 1.0317088053398800e+02,
       1.0322023198330000e+02, 1.0326888671792300e+02,
       1.0331685457366400e+02, 1.0336414524747499e+02,
       1.0341076829941100e+02, 1.0345673315456401e+02,
       1.0350204910497000e+02, 1.0354672531148201e+02,
       1.0359077080563000e+02, 1.0363419449143700e+02,
       1.0367700514722800e+02, 1.0371921142740000e+02,
       1.0376082186417101e+02, 1.0380184486930800e+02,
       1.0384228873582400e+02, 1.0388216163965799e+02,
       1.0392147164132400e+02, 1.0396022668754300e+02,
       1.0399843461285001e+02, 1.0403610314117500e+02,
       1.0407323988740700e+02, 1.0410985235893200e+02,
       1.0414594795715200e+02, 1.0418153397897900e+02,
       1.0421661761831400e+02, 1.0425120596749601e+02,
       1.0428530601873901e+02, 1.0431892466554700e+02,
       1.0435206870410300e+02, 1.0438474483464699e+02,
       1.0441695966283000e+02, 1.0444871970104499e+02,
       1.0448003136974999e+02, 1.0451090099876200e+02,
       1.0454133482853599e+02, 1.0457133901142900e+02,
       1.0460091961294300e+02, 1.0463008261295100e+02,
       1.0465883390690300e+02, 1.0468717930702500e+02,
       1.0471512454348500e+02, 1.0474267526556000e+02,
