image_width: 640
image_height: 360
camera_name: left
camera_matrix:
  rows: 3
  cols: 3
  data: [466.6953647276067, 0, 306.515467461629, 0, 466.1550228548235, 169.6544700845251, 0, 0, 1]
distortion_model: plumb_bob
distortion_coefficients:
  rows: 1
  cols: 5
  data: [-0.3088667172761168, 0.1060937937543472, -0.001639357143514502, 0.0004536735112699787, 0]
rectification_matrix:
  rows: 3
  cols: 3
  data: [1, 0, 0, 0, 1, 0, 0, 0, 1]
projection_matrix:
  rows: 3
  cols: 4
  data: [391.9715881347656, 0, 301.7997751755956, 0, 0, 442.0516967773438, 167.6912864963015, 0, 0, 0, 1, 0]
