%YAML:1.0
image_width: 752
image_height: 480
sensor_width: 4.512e-3
sensor_height: 2.880e-3
camera_name: pelican_right
camera_matrix: !!opencv-matrix
   rows: 3
   cols: 3
   dt: d
   data: [480.027085017821610, 0, 361.317608063481770, 0, 480.910991499972170, 246.860668958476280, 0, 0, 1]
distortion_model: plumb_bob
distortion_coefficients: !!opencv-matrix
   rows: 1
   cols: 5
   dt: d
   data: [-0.374845720436441, 0.162515350710381, 0.000000000000000, 0.000000000000000, 0.000000000000000]

