%YAML:1.0
image_width: 752
image_height: 480
camera_name: left
camera_matrix: !!opencv-matrix
  rows: 3
  cols: 3
  dt: d
  data: [467.8443017788995, 0, 339.2688709551881, 0, 467.0465423371905, 226.4699577807553, 0, 0, 1]
distortion_model: plumb_bob
distortion_coefficients: !!opencv-matrix
  rows: 1
  cols: 5
  dt: d
  data: [-0.2985863791240196, 0.09247431495245877, 0.0002380437756743319, 0.0004305812155324251, 0]
rectification_matrix: !!opencv-matrix
  rows: 3
  cols: 3
  dt: d
  data: [1, 0, 0, 0, 1, 0, 0, 0, 1]
projection_matrix: !!opencv-matrix
  rows: 3
  cols: 4
  dt: d
  data: [370.1082153320312, 0, 326.2055897303253, 0, 0, 425.0854187011719, 223.4454512805023, 0, 0, 0, 1, 0]


